{
 "cells": [
  {
   "cell_type": "code",
   "execution_count": 225,
   "metadata": {},
   "outputs": [],
   "source": [
    "import numpy as np\n",
    "import pandas as pd\n",
    "import matplotlib.pyplot as plt"
   ]
  },
  {
   "cell_type": "code",
   "execution_count": 226,
   "metadata": {},
   "outputs": [
    {
     "data": {
      "text/html": [
       "<div>\n",
       "<style scoped>\n",
       "    .dataframe tbody tr th:only-of-type {\n",
       "        vertical-align: middle;\n",
       "    }\n",
       "\n",
       "    .dataframe tbody tr th {\n",
       "        vertical-align: top;\n",
       "    }\n",
       "\n",
       "    .dataframe thead th {\n",
       "        text-align: right;\n",
       "    }\n",
       "</style>\n",
       "<table border=\"1\" class=\"dataframe\">\n",
       "  <thead>\n",
       "    <tr style=\"text-align: right;\">\n",
       "      <th></th>\n",
       "      <th>BOS</th>\n",
       "      <th>NYC</th>\n",
       "      <th>DC</th>\n",
       "      <th>MIA</th>\n",
       "      <th>CHI</th>\n",
       "      <th>SEA</th>\n",
       "      <th>SF</th>\n",
       "      <th>LA</th>\n",
       "      <th>DEN</th>\n",
       "    </tr>\n",
       "    <tr>\n",
       "      <th></th>\n",
       "      <th></th>\n",
       "      <th></th>\n",
       "      <th></th>\n",
       "      <th></th>\n",
       "      <th></th>\n",
       "      <th></th>\n",
       "      <th></th>\n",
       "      <th></th>\n",
       "      <th></th>\n",
       "    </tr>\n",
       "  </thead>\n",
       "  <tbody>\n",
       "    <tr>\n",
       "      <th>BOS</th>\n",
       "      <td>0</td>\n",
       "      <td>206</td>\n",
       "      <td>429</td>\n",
       "      <td>1504</td>\n",
       "      <td>963</td>\n",
       "      <td>2976</td>\n",
       "      <td>3095</td>\n",
       "      <td>2979</td>\n",
       "      <td>1949</td>\n",
       "    </tr>\n",
       "    <tr>\n",
       "      <th>NYC</th>\n",
       "      <td>206</td>\n",
       "      <td>0</td>\n",
       "      <td>233</td>\n",
       "      <td>1308</td>\n",
       "      <td>802</td>\n",
       "      <td>2815</td>\n",
       "      <td>2934</td>\n",
       "      <td>2786</td>\n",
       "      <td>1771</td>\n",
       "    </tr>\n",
       "    <tr>\n",
       "      <th>DC</th>\n",
       "      <td>429</td>\n",
       "      <td>233</td>\n",
       "      <td>0</td>\n",
       "      <td>1075</td>\n",
       "      <td>671</td>\n",
       "      <td>2684</td>\n",
       "      <td>2799</td>\n",
       "      <td>2631</td>\n",
       "      <td>1616</td>\n",
       "    </tr>\n",
       "    <tr>\n",
       "      <th>MIA</th>\n",
       "      <td>1504</td>\n",
       "      <td>1308</td>\n",
       "      <td>1075</td>\n",
       "      <td>0</td>\n",
       "      <td>1329</td>\n",
       "      <td>3273</td>\n",
       "      <td>3053</td>\n",
       "      <td>2687</td>\n",
       "      <td>2037</td>\n",
       "    </tr>\n",
       "    <tr>\n",
       "      <th>CHI</th>\n",
       "      <td>963</td>\n",
       "      <td>802</td>\n",
       "      <td>671</td>\n",
       "      <td>1329</td>\n",
       "      <td>0</td>\n",
       "      <td>2013</td>\n",
       "      <td>2142</td>\n",
       "      <td>2054</td>\n",
       "      <td>996</td>\n",
       "    </tr>\n",
       "    <tr>\n",
       "      <th>SEA</th>\n",
       "      <td>2976</td>\n",
       "      <td>2815</td>\n",
       "      <td>2684</td>\n",
       "      <td>3273</td>\n",
       "      <td>2013</td>\n",
       "      <td>0</td>\n",
       "      <td>808</td>\n",
       "      <td>1131</td>\n",
       "      <td>1307</td>\n",
       "    </tr>\n",
       "    <tr>\n",
       "      <th>SF</th>\n",
       "      <td>3095</td>\n",
       "      <td>2934</td>\n",
       "      <td>2799</td>\n",
       "      <td>3053</td>\n",
       "      <td>2142</td>\n",
       "      <td>808</td>\n",
       "      <td>0</td>\n",
       "      <td>379</td>\n",
       "      <td>1235</td>\n",
       "    </tr>\n",
       "    <tr>\n",
       "      <th>LA</th>\n",
       "      <td>2979</td>\n",
       "      <td>2786</td>\n",
       "      <td>2631</td>\n",
       "      <td>2687</td>\n",
       "      <td>2054</td>\n",
       "      <td>1131</td>\n",
       "      <td>379</td>\n",
       "      <td>0</td>\n",
       "      <td>1059</td>\n",
       "    </tr>\n",
       "    <tr>\n",
       "      <th>DEN</th>\n",
       "      <td>1949</td>\n",
       "      <td>1771</td>\n",
       "      <td>1616</td>\n",
       "      <td>2037</td>\n",
       "      <td>996</td>\n",
       "      <td>1307</td>\n",
       "      <td>1235</td>\n",
       "      <td>1059</td>\n",
       "      <td>0</td>\n",
       "    </tr>\n",
       "  </tbody>\n",
       "</table>\n",
       "</div>"
      ],
      "text/plain": [
       "       BOS     NYC     DC      MIA     CHI     SEA     SF      LA      DEN  \n",
       "                                                                            \n",
       "BOS        0     206     429    1504     963    2976    3095    2979    1949\n",
       "NYC      206       0     233    1308     802    2815    2934    2786    1771\n",
       "DC       429     233       0    1075     671    2684    2799    2631    1616\n",
       "MIA     1504    1308    1075       0    1329    3273    3053    2687    2037\n",
       "CHI      963     802     671    1329       0    2013    2142    2054     996\n",
       "SEA     2976    2815    2684    3273    2013       0     808    1131    1307\n",
       "SF      3095    2934    2799    3053    2142     808       0     379    1235\n",
       "LA      2979    2786    2631    2687    2054    1131     379       0    1059\n",
       "DEN     1949    1771    1616    2037     996    1307    1235    1059       0"
      ]
     },
     "execution_count": 226,
     "metadata": {},
     "output_type": "execute_result"
    }
   ],
   "source": [
    "df = pd.read_csv('./hw4_data.csv', index_col=0)\n",
    "df"
   ]
  },
  {
   "cell_type": "code",
   "execution_count": 227,
   "metadata": {},
   "outputs": [
    {
     "data": {
      "text/plain": [
       "Index([' BOS  ', ' NYC  ', ' DC   ', ' MIA  ', ' CHI  ', ' SEA  ', ' SF   ',\n",
       "       ' LA   ', ' DEN  '],\n",
       "      dtype='object')"
      ]
     },
     "execution_count": 227,
     "metadata": {},
     "output_type": "execute_result"
    }
   ],
   "source": [
    "cities = df.columns\n",
    "cities"
   ]
  },
  {
   "cell_type": "code",
   "execution_count": 228,
   "metadata": {},
   "outputs": [
    {
     "data": {
      "text/plain": [
       "array([[   0,  206,  429, 1504,  963, 2976, 3095, 2979, 1949],\n",
       "       [ 206,    0,  233, 1308,  802, 2815, 2934, 2786, 1771],\n",
       "       [ 429,  233,    0, 1075,  671, 2684, 2799, 2631, 1616],\n",
       "       [1504, 1308, 1075,    0, 1329, 3273, 3053, 2687, 2037],\n",
       "       [ 963,  802,  671, 1329,    0, 2013, 2142, 2054,  996],\n",
       "       [2976, 2815, 2684, 3273, 2013,    0,  808, 1131, 1307],\n",
       "       [3095, 2934, 2799, 3053, 2142,  808,    0,  379, 1235],\n",
       "       [2979, 2786, 2631, 2687, 2054, 1131,  379,    0, 1059],\n",
       "       [1949, 1771, 1616, 2037,  996, 1307, 1235, 1059,    0]],\n",
       "      dtype=int64)"
      ]
     },
     "execution_count": 228,
     "metadata": {},
     "output_type": "execute_result"
    }
   ],
   "source": [
    "D = df.to_numpy()\n",
    "D"
   ]
  },
  {
   "cell_type": "code",
   "execution_count": 229,
   "metadata": {},
   "outputs": [
    {
     "data": {
      "text/plain": [
       "9"
      ]
     },
     "execution_count": 229,
     "metadata": {},
     "output_type": "execute_result"
    }
   ],
   "source": [
    "n = D.shape[0]\n",
    "n"
   ]
  },
  {
   "cell_type": "code",
   "execution_count": 230,
   "metadata": {},
   "outputs": [
    {
     "data": {
      "text/plain": [
       "array([[ 0.88888889, -0.11111111, -0.11111111, -0.11111111, -0.11111111,\n",
       "        -0.11111111, -0.11111111, -0.11111111, -0.11111111],\n",
       "       [-0.11111111,  0.88888889, -0.11111111, -0.11111111, -0.11111111,\n",
       "        -0.11111111, -0.11111111, -0.11111111, -0.11111111],\n",
       "       [-0.11111111, -0.11111111,  0.88888889, -0.11111111, -0.11111111,\n",
       "        -0.11111111, -0.11111111, -0.11111111, -0.11111111],\n",
       "       [-0.11111111, -0.11111111, -0.11111111,  0.88888889, -0.11111111,\n",
       "        -0.11111111, -0.11111111, -0.11111111, -0.11111111],\n",
       "       [-0.11111111, -0.11111111, -0.11111111, -0.11111111,  0.88888889,\n",
       "        -0.11111111, -0.11111111, -0.11111111, -0.11111111],\n",
       "       [-0.11111111, -0.11111111, -0.11111111, -0.11111111, -0.11111111,\n",
       "         0.88888889, -0.11111111, -0.11111111, -0.11111111],\n",
       "       [-0.11111111, -0.11111111, -0.11111111, -0.11111111, -0.11111111,\n",
       "        -0.11111111,  0.88888889, -0.11111111, -0.11111111],\n",
       "       [-0.11111111, -0.11111111, -0.11111111, -0.11111111, -0.11111111,\n",
       "        -0.11111111, -0.11111111,  0.88888889, -0.11111111],\n",
       "       [-0.11111111, -0.11111111, -0.11111111, -0.11111111, -0.11111111,\n",
       "        -0.11111111, -0.11111111, -0.11111111,  0.88888889]])"
      ]
     },
     "execution_count": 230,
     "metadata": {},
     "output_type": "execute_result"
    }
   ],
   "source": [
    "H = np.identity(n) + ((-1/n) * np.ones((n, n)))\n",
    "H"
   ]
  },
  {
   "cell_type": "code",
   "execution_count": 231,
   "metadata": {},
   "outputs": [
    {
     "data": {
      "text/plain": [
       "array([[ 780.        ,  607.77777778,  456.44444444,  148.27777778,\n",
       "         124.55555556, -546.55555556, -637.27777778, -620.33333333,\n",
       "        -312.88888889],\n",
       "       [ 607.77777778,  641.55555556,  485.22222222,  177.05555556,\n",
       "         135.83333333, -535.27777778, -626.        , -593.05555556,\n",
       "        -293.11111111],\n",
       "       [ 456.44444444,  485.22222222,  561.88888889,  253.72222222,\n",
       "         161.5       , -509.61111111, -598.33333333, -555.38888889,\n",
       "        -255.44444444],\n",
       "       [ 148.27777778,  177.05555556,  253.72222222, 1020.55555556,\n",
       "          61.83333333, -574.77777778, -496.        , -354.05555556,\n",
       "        -236.61111111],\n",
       "       [ 124.55555556,  135.83333333,  161.5       ,   61.83333333,\n",
       "         432.11111111, -239.        , -334.72222222, -331.77777778,\n",
       "         -10.33333333],\n",
       "       [-546.55555556, -535.27777778, -509.61111111, -574.77777778,\n",
       "        -239.        , 1102.88888889,  667.66666667,  465.11111111,\n",
       "         169.55555556],\n",
       "       [-637.27777778, -626.        , -598.33333333, -496.        ,\n",
       "        -334.72222222,  667.66666667, 1040.44444444,  809.88888889,\n",
       "         174.33333333],\n",
       "       [-620.33333333, -593.05555556, -555.38888889, -354.05555556,\n",
       "        -331.77777778,  465.11111111,  809.88888889,  958.33333333,\n",
       "         221.27777778],\n",
       "       [-312.88888889, -293.11111111, -255.44444444, -236.61111111,\n",
       "         -10.33333333,  169.55555556,  174.33333333,  221.27777778,\n",
       "         543.22222222]])"
      ]
     },
     "execution_count": 231,
     "metadata": {},
     "output_type": "execute_result"
    }
   ],
   "source": [
    "# Gram matrix\n",
    "B = -(1/2) * H.T @ D @ H\n",
    "B"
   ]
  },
  {
   "cell_type": "code",
   "execution_count": 232,
   "metadata": {},
   "outputs": [
    {
     "data": {
      "text/plain": [
       "(array([[-3.33333333e-01,  4.31424729e-01, -1.19128491e-01,\n",
       "         -5.71775804e-01,  1.94064299e-01, -1.49351873e-01,\n",
       "          2.76648573e-01,  3.12586515e-01, -3.56974409e-01],\n",
       "        [-3.33333333e-01, -7.98114853e-01, -3.72413861e-03,\n",
       "          1.02239399e-01,  9.94947984e-02, -1.09026492e-01,\n",
       "          2.04810236e-01,  2.43927865e-01, -3.43803403e-01],\n",
       "        [-3.33333333e-01,  4.17210694e-01,  1.92806958e-01,\n",
       "          7.46723932e-01, -4.51206838e-02, -6.76760192e-03,\n",
       "          7.29008721e-02,  1.03849971e-01, -3.19173843e-01],\n",
       "        [-3.33333333e-01, -3.02120020e-02,  3.28052622e-02,\n",
       "         -1.36240046e-01,  1.17735799e-01,  3.53570838e-01,\n",
       "          6.06971558e-02, -8.09955151e-01, -2.64108011e-01],\n",
       "        [-3.33333333e-01, -2.29464548e-02, -1.44588958e-01,\n",
       "         -1.67100906e-01, -7.47241706e-01,  4.38541862e-02,\n",
       "         -5.02061682e-01,  8.01588663e-02, -1.44044911e-01],\n",
       "        [-3.33333333e-01, -2.68624667e-04, -1.84762144e-01,\n",
       "          3.89306136e-02,  1.69073771e-01,  7.39654626e-01,\n",
       "          1.37037704e-02,  3.40682983e-01,  4.01632393e-01],\n",
       "        [-3.33333333e-01, -2.14556202e-02,  6.81806103e-01,\n",
       "         -1.61926317e-01, -2.59304891e-01, -1.48872155e-01,\n",
       "          3.16990792e-01, -3.41942651e-02,  4.54196539e-01],\n",
       "        [-3.33333333e-01,  2.98466332e-02, -6.30118838e-01,\n",
       "          1.73772311e-01, -5.69988730e-02, -4.25425372e-01,\n",
       "          2.37149958e-01, -2.28571927e-01,  4.09915423e-01],\n",
       "        [-3.33333333e-01, -5.48450180e-03,  1.74904247e-01,\n",
       "         -2.46231818e-02,  5.28297486e-01, -2.97636157e-01,\n",
       "         -6.80839674e-01, -8.48485757e-03,  1.62360222e-01]]),\n",
       " array([2.98904781e-13, 7.31335683e+01, 1.48428401e+02, 1.78743408e+02,\n",
       "        3.01607332e+02, 5.37758483e+02, 6.37703447e+02, 9.89785861e+02,\n",
       "        4.21383950e+03]))"
      ]
     },
     "execution_count": 232,
     "metadata": {},
     "output_type": "execute_result"
    }
   ],
   "source": [
    "lambdas, Q = np.linalg.eigh(B)\n",
    "Q, lambdas"
   ]
  },
  {
   "cell_type": "code",
   "execution_count": 233,
   "metadata": {},
   "outputs": [
    {
     "data": {
      "text/plain": [
       "[(2.989047811023098e-13,\n",
       "  array([-0.33333333, -0.33333333, -0.33333333, -0.33333333, -0.33333333,\n",
       "         -0.33333333, -0.33333333, -0.33333333, -0.33333333])),\n",
       " (73.13356827050997,\n",
       "  array([ 4.31424729e-01, -7.98114853e-01,  4.17210694e-01, -3.02120020e-02,\n",
       "         -2.29464548e-02, -2.68624667e-04, -2.14556202e-02,  2.98466332e-02,\n",
       "         -5.48450180e-03])),\n",
       " (148.4284013729224,\n",
       "  array([-0.11912849, -0.00372414,  0.19280696,  0.03280526, -0.14458896,\n",
       "         -0.18476214,  0.6818061 , -0.63011884,  0.17490425])),\n",
       " (178.74340798634842,\n",
       "  array([-0.5717758 ,  0.1022394 ,  0.74672393, -0.13624005, -0.16710091,\n",
       "          0.03893061, -0.16192632,  0.17377231, -0.02462318])),\n",
       " (301.60733180598453,\n",
       "  array([ 0.1940643 ,  0.0994948 , -0.04512068,  0.1177358 , -0.74724171,\n",
       "          0.16907377, -0.25930489, -0.05699887,  0.52829749])),\n",
       " (537.7584832375867,\n",
       "  array([-0.14935187, -0.10902649, -0.0067676 ,  0.35357084,  0.04385419,\n",
       "          0.73965463, -0.14887215, -0.42542537, -0.29763616])),\n",
       " (637.7034471442901,\n",
       "  array([ 0.27664857,  0.20481024,  0.07290087,  0.06069716, -0.50206168,\n",
       "          0.01370377,  0.31699079,  0.23714996, -0.68083967])),\n",
       " (989.7858612316934,\n",
       "  array([ 0.31258651,  0.24392786,  0.10384997, -0.80995515,  0.08015887,\n",
       "          0.34068298, -0.03419427, -0.22857193, -0.00848486])),\n",
       " (4213.839498950661,\n",
       "  array([-0.35697441, -0.3438034 , -0.31917384, -0.26410801, -0.14404491,\n",
       "          0.40163239,  0.45419654,  0.40991542,  0.16236022]))]"
      ]
     },
     "execution_count": 233,
     "metadata": {},
     "output_type": "execute_result"
    }
   ],
   "source": [
    "eigen_pairing = list(zip(lambdas, Q.T))\n",
    "eigen_pairing"
   ]
  },
  {
   "cell_type": "code",
   "execution_count": 234,
   "metadata": {},
   "outputs": [
    {
     "data": {
      "text/plain": [
       "OrderedDict([(' BOS  ',\n",
       "              (2.989047811023098e-13,\n",
       "               array([-0.33333333, -0.33333333, -0.33333333, -0.33333333, -0.33333333,\n",
       "                      -0.33333333, -0.33333333, -0.33333333, -0.33333333]))),\n",
       "             (' NYC  ',\n",
       "              (73.13356827050997,\n",
       "               array([ 4.31424729e-01, -7.98114853e-01,  4.17210694e-01, -3.02120020e-02,\n",
       "                      -2.29464548e-02, -2.68624667e-04, -2.14556202e-02,  2.98466332e-02,\n",
       "                      -5.48450180e-03]))),\n",
       "             (' DC   ',\n",
       "              (148.4284013729224,\n",
       "               array([-0.11912849, -0.00372414,  0.19280696,  0.03280526, -0.14458896,\n",
       "                      -0.18476214,  0.6818061 , -0.63011884,  0.17490425]))),\n",
       "             (' MIA  ',\n",
       "              (178.74340798634842,\n",
       "               array([-0.5717758 ,  0.1022394 ,  0.74672393, -0.13624005, -0.16710091,\n",
       "                       0.03893061, -0.16192632,  0.17377231, -0.02462318]))),\n",
       "             (' CHI  ',\n",
       "              (301.60733180598453,\n",
       "               array([ 0.1940643 ,  0.0994948 , -0.04512068,  0.1177358 , -0.74724171,\n",
       "                       0.16907377, -0.25930489, -0.05699887,  0.52829749]))),\n",
       "             (' SEA  ',\n",
       "              (537.7584832375867,\n",
       "               array([-0.14935187, -0.10902649, -0.0067676 ,  0.35357084,  0.04385419,\n",
       "                       0.73965463, -0.14887215, -0.42542537, -0.29763616]))),\n",
       "             (' SF   ',\n",
       "              (637.7034471442901,\n",
       "               array([ 0.27664857,  0.20481024,  0.07290087,  0.06069716, -0.50206168,\n",
       "                       0.01370377,  0.31699079,  0.23714996, -0.68083967]))),\n",
       "             (' LA   ',\n",
       "              (989.7858612316934,\n",
       "               array([ 0.31258651,  0.24392786,  0.10384997, -0.80995515,  0.08015887,\n",
       "                       0.34068298, -0.03419427, -0.22857193, -0.00848486]))),\n",
       "             (' DEN  ',\n",
       "              (4213.839498950661,\n",
       "               array([-0.35697441, -0.3438034 , -0.31917384, -0.26410801, -0.14404491,\n",
       "                       0.40163239,  0.45419654,  0.40991542,  0.16236022])))])"
      ]
     },
     "execution_count": 234,
     "metadata": {},
     "output_type": "execute_result"
    }
   ],
   "source": [
    "import collections\n",
    "lambdas_pairing = collections.OrderedDict(zip(cities, eigen_pairing))\n",
    "lambdas_pairing"
   ]
  },
  {
   "cell_type": "code",
   "execution_count": 235,
   "metadata": {},
   "outputs": [
    {
     "data": {
      "text/plain": [
       "OrderedDict([(' DEN  ',\n",
       "              (4213.839498950661,\n",
       "               array([-0.35697441, -0.3438034 , -0.31917384, -0.26410801, -0.14404491,\n",
       "                       0.40163239,  0.45419654,  0.40991542,  0.16236022]))),\n",
       "             (' LA   ',\n",
       "              (989.7858612316934,\n",
       "               array([ 0.31258651,  0.24392786,  0.10384997, -0.80995515,  0.08015887,\n",
       "                       0.34068298, -0.03419427, -0.22857193, -0.00848486]))),\n",
       "             (' SF   ',\n",
       "              (637.7034471442901,\n",
       "               array([ 0.27664857,  0.20481024,  0.07290087,  0.06069716, -0.50206168,\n",
       "                       0.01370377,  0.31699079,  0.23714996, -0.68083967]))),\n",
       "             (' SEA  ',\n",
       "              (537.7584832375867,\n",
       "               array([-0.14935187, -0.10902649, -0.0067676 ,  0.35357084,  0.04385419,\n",
       "                       0.73965463, -0.14887215, -0.42542537, -0.29763616]))),\n",
       "             (' CHI  ',\n",
       "              (301.60733180598453,\n",
       "               array([ 0.1940643 ,  0.0994948 , -0.04512068,  0.1177358 , -0.74724171,\n",
       "                       0.16907377, -0.25930489, -0.05699887,  0.52829749]))),\n",
       "             (' MIA  ',\n",
       "              (178.74340798634842,\n",
       "               array([-0.5717758 ,  0.1022394 ,  0.74672393, -0.13624005, -0.16710091,\n",
       "                       0.03893061, -0.16192632,  0.17377231, -0.02462318]))),\n",
       "             (' DC   ',\n",
       "              (148.4284013729224,\n",
       "               array([-0.11912849, -0.00372414,  0.19280696,  0.03280526, -0.14458896,\n",
       "                      -0.18476214,  0.6818061 , -0.63011884,  0.17490425]))),\n",
       "             (' NYC  ',\n",
       "              (73.13356827050997,\n",
       "               array([ 4.31424729e-01, -7.98114853e-01,  4.17210694e-01, -3.02120020e-02,\n",
       "                      -2.29464548e-02, -2.68624667e-04, -2.14556202e-02,  2.98466332e-02,\n",
       "                      -5.48450180e-03]))),\n",
       "             (' BOS  ',\n",
       "              (2.989047811023098e-13,\n",
       "               array([-0.33333333, -0.33333333, -0.33333333, -0.33333333, -0.33333333,\n",
       "                      -0.33333333, -0.33333333, -0.33333333, -0.33333333])))])"
      ]
     },
     "execution_count": 235,
     "metadata": {},
     "output_type": "execute_result"
    }
   ],
   "source": [
    "sorted_lambdas_pairing = collections.OrderedDict(sorted(lambdas_pairing.items(), key=lambda x: x[1], reverse=True))\n",
    "sorted_lambdas_pairing"
   ]
  },
  {
   "cell_type": "code",
   "execution_count": 236,
   "metadata": {},
   "outputs": [
    {
     "data": {
      "text/plain": [
       "array([[-3.56974409e-01,  3.12586515e-01,  2.76648573e-01,\n",
       "        -1.49351873e-01,  1.94064299e-01, -5.71775804e-01,\n",
       "        -1.19128491e-01,  4.31424729e-01, -3.33333333e-01],\n",
       "       [-3.43803403e-01,  2.43927865e-01,  2.04810236e-01,\n",
       "        -1.09026492e-01,  9.94947984e-02,  1.02239399e-01,\n",
       "        -3.72413861e-03, -7.98114853e-01, -3.33333333e-01],\n",
       "       [-3.19173843e-01,  1.03849971e-01,  7.29008721e-02,\n",
       "        -6.76760192e-03, -4.51206838e-02,  7.46723932e-01,\n",
       "         1.92806958e-01,  4.17210694e-01, -3.33333333e-01],\n",
       "       [-2.64108011e-01, -8.09955151e-01,  6.06971558e-02,\n",
       "         3.53570838e-01,  1.17735799e-01, -1.36240046e-01,\n",
       "         3.28052622e-02, -3.02120020e-02, -3.33333333e-01],\n",
       "       [-1.44044911e-01,  8.01588663e-02, -5.02061682e-01,\n",
       "         4.38541862e-02, -7.47241706e-01, -1.67100906e-01,\n",
       "        -1.44588958e-01, -2.29464548e-02, -3.33333333e-01],\n",
       "       [ 4.01632393e-01,  3.40682983e-01,  1.37037704e-02,\n",
       "         7.39654626e-01,  1.69073771e-01,  3.89306136e-02,\n",
       "        -1.84762144e-01, -2.68624667e-04, -3.33333333e-01],\n",
       "       [ 4.54196539e-01, -3.41942651e-02,  3.16990792e-01,\n",
       "        -1.48872155e-01, -2.59304891e-01, -1.61926317e-01,\n",
       "         6.81806103e-01, -2.14556202e-02, -3.33333333e-01],\n",
       "       [ 4.09915423e-01, -2.28571927e-01,  2.37149958e-01,\n",
       "        -4.25425372e-01, -5.69988730e-02,  1.73772311e-01,\n",
       "        -6.30118838e-01,  2.98466332e-02, -3.33333333e-01],\n",
       "       [ 1.62360222e-01, -8.48485757e-03, -6.80839674e-01,\n",
       "        -2.97636157e-01,  5.28297486e-01, -2.46231818e-02,\n",
       "         1.74904247e-01, -5.48450180e-03, -3.33333333e-01]])"
      ]
     },
     "execution_count": 236,
     "metadata": {},
     "output_type": "execute_result"
    }
   ],
   "source": [
    "ordered_Q = np.array([item[1] for item in sorted_lambdas_pairing.values()]).T\n",
    "ordered_Q"
   ]
  },
  {
   "cell_type": "code",
   "execution_count": 237,
   "metadata": {},
   "outputs": [
    {
     "data": {
      "text/plain": [
       "[' DEN  ',\n",
       " ' LA   ',\n",
       " ' SF   ',\n",
       " ' SEA  ',\n",
       " ' CHI  ',\n",
       " ' MIA  ',\n",
       " ' DC   ',\n",
       " ' NYC  ',\n",
       " ' BOS  ']"
      ]
     },
     "execution_count": 237,
     "metadata": {},
     "output_type": "execute_result"
    }
   ],
   "source": [
    "ordered_cities = [city for city in sorted_lambdas_pairing]\n",
    "ordered_cities"
   ]
  },
  {
   "cell_type": "code",
   "execution_count": 238,
   "metadata": {},
   "outputs": [
    {
     "data": {
      "text/plain": [
       "array([4.21383950e+03, 9.89785861e+02, 6.37703447e+02, 5.37758483e+02,\n",
       "       3.01607332e+02, 1.78743408e+02, 1.48428401e+02, 7.31335683e+01,\n",
       "       2.98904781e-13])"
      ]
     },
     "execution_count": 238,
     "metadata": {},
     "output_type": "execute_result"
    }
   ],
   "source": [
    "lambdas = [l[0] for l in sorted_lambdas_pairing.values()]\n",
    "lambdas = np.array(lambdas)\n",
    "lambdas"
   ]
  },
  {
   "cell_type": "code",
   "execution_count": 239,
   "metadata": {},
   "outputs": [
    {
     "data": {
      "text/plain": [
       "array([6.49140932e+01, 3.14608624e+01, 2.52527909e+01, 2.31896202e+01,\n",
       "       1.73668458e+01, 1.33694954e+01, 1.21831195e+01, 8.55181666e+00,\n",
       "       5.46721850e-07])"
      ]
     },
     "execution_count": 239,
     "metadata": {},
     "output_type": "execute_result"
    }
   ],
   "source": [
    "lambdas_sqrt = lambdas ** 0.5\n",
    "lambdas_sqrt"
   ]
  },
  {
   "cell_type": "code",
   "execution_count": 240,
   "metadata": {},
   "outputs": [
    {
     "data": {
      "text/plain": [
       "array([[6.49140932e+01, 0.00000000e+00, 0.00000000e+00, 0.00000000e+00,\n",
       "        0.00000000e+00, 0.00000000e+00, 0.00000000e+00, 0.00000000e+00,\n",
       "        0.00000000e+00],\n",
       "       [0.00000000e+00, 3.14608624e+01, 0.00000000e+00, 0.00000000e+00,\n",
       "        0.00000000e+00, 0.00000000e+00, 0.00000000e+00, 0.00000000e+00,\n",
       "        0.00000000e+00],\n",
       "       [0.00000000e+00, 0.00000000e+00, 2.52527909e+01, 0.00000000e+00,\n",
       "        0.00000000e+00, 0.00000000e+00, 0.00000000e+00, 0.00000000e+00,\n",
       "        0.00000000e+00],\n",
       "       [0.00000000e+00, 0.00000000e+00, 0.00000000e+00, 2.31896202e+01,\n",
       "        0.00000000e+00, 0.00000000e+00, 0.00000000e+00, 0.00000000e+00,\n",
       "        0.00000000e+00],\n",
       "       [0.00000000e+00, 0.00000000e+00, 0.00000000e+00, 0.00000000e+00,\n",
       "        1.73668458e+01, 0.00000000e+00, 0.00000000e+00, 0.00000000e+00,\n",
       "        0.00000000e+00],\n",
       "       [0.00000000e+00, 0.00000000e+00, 0.00000000e+00, 0.00000000e+00,\n",
       "        0.00000000e+00, 1.33694954e+01, 0.00000000e+00, 0.00000000e+00,\n",
       "        0.00000000e+00],\n",
       "       [0.00000000e+00, 0.00000000e+00, 0.00000000e+00, 0.00000000e+00,\n",
       "        0.00000000e+00, 0.00000000e+00, 1.21831195e+01, 0.00000000e+00,\n",
       "        0.00000000e+00],\n",
       "       [0.00000000e+00, 0.00000000e+00, 0.00000000e+00, 0.00000000e+00,\n",
       "        0.00000000e+00, 0.00000000e+00, 0.00000000e+00, 8.55181666e+00,\n",
       "        0.00000000e+00],\n",
       "       [0.00000000e+00, 0.00000000e+00, 0.00000000e+00, 0.00000000e+00,\n",
       "        0.00000000e+00, 0.00000000e+00, 0.00000000e+00, 0.00000000e+00,\n",
       "        5.46721850e-07]])"
      ]
     },
     "execution_count": 240,
     "metadata": {},
     "output_type": "execute_result"
    }
   ],
   "source": [
    "Lambda_sqrt = np.diag(lambdas_sqrt)\n",
    "Lambda_sqrt"
   ]
  },
  {
   "cell_type": "code",
   "execution_count": 241,
   "metadata": {},
   "outputs": [
    {
     "data": {
      "text/plain": [
       "array([[ 780.        ,  607.77777778,  456.44444444,  148.27777778,\n",
       "         124.55555556, -546.55555556, -637.27777778, -620.33333333,\n",
       "        -312.88888889],\n",
       "       [ 607.77777778,  641.55555556,  485.22222222,  177.05555556,\n",
       "         135.83333333, -535.27777778, -626.        , -593.05555556,\n",
       "        -293.11111111],\n",
       "       [ 456.44444444,  485.22222222,  561.88888889,  253.72222222,\n",
       "         161.5       , -509.61111111, -598.33333333, -555.38888889,\n",
       "        -255.44444444],\n",
       "       [ 148.27777778,  177.05555556,  253.72222222, 1020.55555556,\n",
       "          61.83333333, -574.77777778, -496.        , -354.05555556,\n",
       "        -236.61111111],\n",
       "       [ 124.55555556,  135.83333333,  161.5       ,   61.83333333,\n",
       "         432.11111111, -239.        , -334.72222222, -331.77777778,\n",
       "         -10.33333333],\n",
       "       [-546.55555556, -535.27777778, -509.61111111, -574.77777778,\n",
       "        -239.        , 1102.88888889,  667.66666667,  465.11111111,\n",
       "         169.55555556],\n",
       "       [-637.27777778, -626.        , -598.33333333, -496.        ,\n",
       "        -334.72222222,  667.66666667, 1040.44444444,  809.88888889,\n",
       "         174.33333333],\n",
       "       [-620.33333333, -593.05555556, -555.38888889, -354.05555556,\n",
       "        -331.77777778,  465.11111111,  809.88888889,  958.33333333,\n",
       "         221.27777778],\n",
       "       [-312.88888889, -293.11111111, -255.44444444, -236.61111111,\n",
       "         -10.33333333,  169.55555556,  174.33333333,  221.27777778,\n",
       "         543.22222222]])"
      ]
     },
     "execution_count": 241,
     "metadata": {},
     "output_type": "execute_result"
    }
   ],
   "source": [
    "P = ordered_Q @ Lambda_sqrt\n",
    "Lambda = Lambda_sqrt ** 2\n",
    "P @ P.T"
   ]
  },
  {
   "cell_type": "code",
   "execution_count": 242,
   "metadata": {},
   "outputs": [
    {
     "data": {
      "text/plain": [
       "array([[ 834.43999759, -447.49469166, -458.02240271,  241.32587419,\n",
       "        -307.90133138,  697.0030858 ,  156.65357951, -457.57285747,\n",
       "         688.11693694],\n",
       "       [-447.49469166,  856.96870206,  375.36110515, -323.52874984,\n",
       "         219.87083997, -623.41204754, -167.00777429,  415.40211878,\n",
       "        -417.52354834],\n",
       "       [-458.02240271,  375.36110515,  464.4789674 , -204.19473675,\n",
       "         348.52231533, -594.76193056,  -87.00248573,  362.53387424,\n",
       "        -454.33951341],\n",
       "       [ 241.32587419, -323.52874984, -204.19473675,  287.90925042,\n",
       "         -90.31700492,  320.79269984,   58.97962345, -193.72652744,\n",
       "         153.07076853],\n",
       "       [-307.90133138,  219.87083997,  348.52231533,  -90.31700492,\n",
       "         360.98371946, -443.27184521,  -97.86746316,  266.15018104,\n",
       "        -237.65488834],\n",
       "       [ 697.0030858 , -623.41204754, -594.76193056,  320.79269984,\n",
       "        -443.27184521, 1768.32206223,  357.6635808 , -917.29380153,\n",
       "         653.33943794],\n",
       "       [ 156.65357951, -167.00777429,  -87.00248573,   58.97962345,\n",
       "         -97.86746316,  357.6635808 ,  194.54308289, -165.40081774,\n",
       "         128.86567534],\n",
       "       [-457.57285747,  415.40211878,  362.53387424, -193.72652744,\n",
       "         266.15018104, -917.29380153, -165.40081774, 1526.57644018,\n",
       "        -423.27701224],\n",
       "       [ 688.11693694, -417.52354834, -454.33951341,  153.07076853,\n",
       "        -237.65488834,  653.33943794,  128.86567534, -423.27701224,\n",
       "         786.77777778]])"
      ]
     },
     "execution_count": 242,
     "metadata": {},
     "output_type": "execute_result"
    }
   ],
   "source": [
    "ordered_Q.T @ Lambda @ ordered_Q"
   ]
  },
  {
   "cell_type": "code",
   "execution_count": 243,
   "metadata": {},
   "outputs": [],
   "source": [
    "k = 2"
   ]
  },
  {
   "cell_type": "code",
   "execution_count": 244,
   "metadata": {},
   "outputs": [
    {
     "data": {
      "text/plain": [
       "array([[-0.35697441,  0.31258651],\n",
       "       [-0.3438034 ,  0.24392786],\n",
       "       [-0.31917384,  0.10384997],\n",
       "       [-0.26410801, -0.80995515],\n",
       "       [-0.14404491,  0.08015887],\n",
       "       [ 0.40163239,  0.34068298],\n",
       "       [ 0.45419654, -0.03419427],\n",
       "       [ 0.40991542, -0.22857193],\n",
       "       [ 0.16236022, -0.00848486]])"
      ]
     },
     "execution_count": 244,
     "metadata": {},
     "output_type": "execute_result"
    }
   ],
   "source": [
    "ordered_Q[:, :k]"
   ]
  },
  {
   "cell_type": "code",
   "execution_count": 245,
   "metadata": {},
   "outputs": [
    {
     "data": {
      "text/plain": [
       "array([[64.91409322,  0.        ,  0.        ,  0.        ,  0.        ,\n",
       "         0.        ,  0.        ,  0.        ,  0.        ],\n",
       "       [ 0.        , 31.46086237,  0.        ,  0.        ,  0.        ,\n",
       "         0.        ,  0.        ,  0.        ,  0.        ]])"
      ]
     },
     "execution_count": 245,
     "metadata": {},
     "output_type": "execute_result"
    }
   ],
   "source": [
    "Lambda_sqrt[:k, :]"
   ]
  },
  {
   "cell_type": "code",
   "execution_count": 246,
   "metadata": {
    "scrolled": false
   },
   "outputs": [
    {
     "data": {
      "text/plain": [
       "array([[-23.17267007,   9.83424133,   0.        ,   0.        ,\n",
       "          0.        ,   0.        ,   0.        ,   0.        ,\n",
       "          0.        ],\n",
       "       [-22.31768618,   7.67418098,   0.        ,   0.        ,\n",
       "          0.        ,   0.        ,   0.        ,   0.        ,\n",
       "          0.        ],\n",
       "       [-20.71888058,   3.26720965,   0.        ,   0.        ,\n",
       "          0.        ,   0.        ,   0.        ,   0.        ,\n",
       "          0.        ],\n",
       "       [-17.14433206, -25.48188752,   0.        ,   0.        ,\n",
       "          0.        ,   0.        ,   0.        ,   0.        ,\n",
       "          0.        ],\n",
       "       [ -9.35054479,   2.52186706,   0.        ,   0.        ,\n",
       "          0.        ,   0.        ,   0.        ,   0.        ,\n",
       "          0.        ],\n",
       "       [ 26.07160262,  10.71818044,   0.        ,   0.        ,\n",
       "          0.        ,   0.        ,   0.        ,   0.        ,\n",
       "          0.        ],\n",
       "       [ 29.48375648,  -1.07578107,   0.        ,   0.        ,\n",
       "          0.        ,   0.        ,   0.        ,   0.        ,\n",
       "          0.        ],\n",
       "       [ 26.60928798,  -7.19106993,   0.        ,   0.        ,\n",
       "          0.        ,   0.        ,   0.        ,   0.        ,\n",
       "          0.        ],\n",
       "       [ 10.5394666 ,  -0.26694094,   0.        ,   0.        ,\n",
       "          0.        ,   0.        ,   0.        ,   0.        ,\n",
       "          0.        ]])"
      ]
     },
     "execution_count": 246,
     "metadata": {},
     "output_type": "execute_result"
    }
   ],
   "source": [
    "ld_embedding = ordered_Q[:, :k] @ Lambda_sqrt[:k, :]\n",
    "ld_embedding"
   ]
  },
  {
   "cell_type": "code",
   "execution_count": 247,
   "metadata": {},
   "outputs": [],
   "source": [
    "ld_embedding = ld_embedding[:, :k]"
   ]
  },
  {
   "cell_type": "code",
   "execution_count": 248,
   "metadata": {},
   "outputs": [
    {
     "data": {
      "text/plain": [
       "array([[-23.17267007,   9.83424133],\n",
       "       [-22.31768618,   7.67418098],\n",
       "       [-20.71888058,   3.26720965],\n",
       "       [-17.14433206, -25.48188752],\n",
       "       [ -9.35054479,   2.52186706],\n",
       "       [ 26.07160262,  10.71818044],\n",
       "       [ 29.48375648,  -1.07578107],\n",
       "       [ 26.60928798,  -7.19106993],\n",
       "       [ 10.5394666 ,  -0.26694094]])"
      ]
     },
     "execution_count": 248,
     "metadata": {},
     "output_type": "execute_result"
    }
   ],
   "source": [
    "ld_embedding"
   ]
  },
  {
   "cell_type": "code",
   "execution_count": 249,
   "metadata": {},
   "outputs": [
    {
     "data": {
